["2020/04/25:08:50:13.857","connect","EvBIURtQAfYICSZxAAAA"]
["2020/04/25:08:50:13.871","connect","PM93maIWX4MmoaZBAAAB"]
["2020/04/25:08:50:13.894","disconnect","PM93maIWX4MmoaZBAAAB"]
["2020/04/25:08:50:13.914","connect","B9Y1BvWVaYvNXS1tAAAC"]
["2020/04/25:08:50:13.922","disconnect","B9Y1BvWVaYvNXS1tAAAC"]
["2020/04/25:08:50:13.931","connect","h1ApV2V1QxwWamvgAAAD"]
["2020/04/25:08:50:13.937","login","h1ApV2V1QxwWamvgAAAD"]
["2020/04/25:08:50:13.943","disconnect","h1ApV2V1QxwWamvgAAAD"]
["2020/04/25:08:50:13.947","connect","l2gN9zTI9XMz-xQdAAAE"]
["2020/04/25:08:50:13.950","login","l2gN9zTI9XMz-xQdAAAE"]
["2020/04/25:08:50:13.955","disconnect","l2gN9zTI9XMz-xQdAAAE"]
["2020/04/25:08:50:13.958","connect","-Z7raIAKUlg3KcgvAAAF"]
["2020/04/25:08:50:13.959","login","-Z7raIAKUlg3KcgvAAAF"]
["2020/04/25:08:50:13.961","-Z7raIAKUlg3KcgvAAAF",{"userName":"Viktor","message":"Hej","time":1587797413245}]
["2020/04/25:08:50:13.963","disconnect","-Z7raIAKUlg3KcgvAAAF"]
["2020/04/25:08:50:13.972","connect","W8gBlYhq_z9cpFamAAAG"]
["2020/04/25:08:50:13.974","connect","wZe0wYxQdbkA_H01AAAH"]
["2020/04/25:08:50:13.976","login","W8gBlYhq_z9cpFamAAAG"]
["2020/04/25:08:50:13.978","login","wZe0wYxQdbkA_H01AAAH"]
["2020/04/25:08:50:13.996","disconnect","W8gBlYhq_z9cpFamAAAG"]
["2020/04/25:08:50:13.997","disconnect","wZe0wYxQdbkA_H01AAAH"]
